0010000000000001111110000110000000001010011
0001000000000000001110101101011000101111100
0001000000000000011010100000100011110100000
0010000000000001111110000101000101110001010
0010000000000001111101110001011011001100000
0010000000000001111101110100010110010010011
0001000000000000010000101111001100110011111
0010000000000001111101101101100110111010011
0010000000000001111101101110001011101100110
0010000000000001111101110000010010110110110
0001000000000000001111001000001001010101000
0001000000000000001111000111001111001111101
0010000000000001111101100000000001001001000
0010000000000001111101101011011100111111000
0001000000000000001110101110100101111101011
0010000000000001111101100001010101010001110
0010000000000001111101101010010010101000100
0001000000000000010001000000000111010011010
0001000000000000010010011000010110001000011
0010000000000001111101110101011011011110100
0001000000000000010010011001100001111111011
0010000000000001111101110110000101001001111
0001000000000000010010011010011101111110000
0001000000000000000000000011010100000101001
0001000000000000000000000010100000001110110
0010000000000001111101110001010101101010010
0010000000000001111101110100001010011000111
0001000000000000010000101111000000001000111
0010000000000001111101101101100010000100111
0010000000000001111101101110011101011001110
0010000000000001111101110000001001000010111
0001000000000000001111001000001000100011000
0001000000000000001111000111000001001000000
0001000000000000010010011011100011010100000
0001000000000000010010011100100100001011110
0010000000000001111101110010011101000101001
0001000000000000001110101110010111000000011
0001000000000000010010011101010001000100000
0001000000000000010010011110010011100011011
0001000000000000010010011111010001001001110
0010000000000001111101110101100101100111001
0001000000000000010010100000001111111100100
0010000000000001111101110110100010001100110
0001000000000000010010100001010011011001100
0001000000000000010010100010001111010110100
0001000000000000000000000011011011000111111
0001000000000000000000000010010010000100001
0010000000000001111101110100010101101000010
0010000000000001111101110001010111111001010
0001000000000000010000101111001011011011111
0010000000000001111101101101010010111000011
0010000000000001111101101110010010000111110
0010000000000001111101110000001010100011100
0001000000000000001111001000001111100010000
0001000000000000001111000111000110100001100
0001000000000000010010100011010011100111011
0001000000000000010010100100011011000010100
0010000000000001111101110011011000011111101
0001000000000000001110101110011010011101111
0001000000000000010010100101010011111010010
0001000000000000010010100110001111100100000
0001000000000000010010100111100011110010010
0010000000000001111101110101001001001100011
0001000000000000010010101000001110010001010
0010000000000001111101110110001111101111110
0001000000000000010010101001011100101101000
0001000000000000010010101010011011000111000
0001000000000000000000000011001111011111010
0010000000000001111101110100000100010100001
0001000000000000000000000010011111010001101
0010000000000001111101110001010101010100001
0001000000000000010000101111011110010001111
0010000000000001111101101101010011010100001
0010000000000001111101101110001000100111100
0010000000000001111101110000010000011110110
0001000000000000001111001000011001000101100
0001000000000000001111000111011101010100000
0001000000000000010010101011011001000011000
0001000000000000010010101100000011100001001
0010000000000001111101101011100010001110011
0010000000000001111101101100011100111100011
0010000000000001111101101010011101110001101
0010000000000001111101101001000110000010101
0010000000000001111101101000011101101010011
0010000000000001111101100111001110000100100
0010000000000001111101100110000001001000100
0010000000000001111101110011100100100111100
0010000000000001111101110010010001111101001
0010000000000001111101100101011100101100101
0010000000000001111101100011100101110000110
0010000000000001111101100010100000010110010
0010000000000001111101100001000000001101011
0010000000000001111101100100011001000100000
0010000000000001111101110001011010111101000
0010000000000001111101110100011111101111101
0010000000000001111101101101001110100100001
0001000000000000010000101111010010001001101
0010000000000001111101101110011110011111101
0010000000000001111101110000010000110101011
0001000000000000001111001001001010111110110
0010000000000001111101101111010000110101000
0010000000000001111100101100100010111001101
0010000000000001111100101011000010010101101
0010000000000001111100101010011001011101100
0010000000000001111100101001001010111011001
0010000000000001111101101100011000010100000
0010000000000001111101001101010110110101001
0010000000000001111101001100010011011111000
0010000000000001111101000011001100011110111
0010000000000001111100110000001100000101011
0010000000000001111101001011000010000010001
0001000000000000001111001000100100011000001
0010000000000001111100011100011101000110000
0010000000000001111100100111001101100000010
0001000000000000001110101110000010010000100
0010000000000001111100011101010010101111011
0010000000000001111101101101100101011101000
0010000000000001111101101011011111010001111
0001000000000000001110101011000001110101100
0010000000000001111101010001100001010110010
0010000000000001111101010000010111100101101
0001000000000000000010001010011111111111011
0010000000000001111101110000011111000101101
0010000000000001111101001111100110010101100
0010000000000001111101010011100011110000111
0001000000000000010110011001011000001110010
0010000000000001111101101100010000101011101
0010000000000001111101101110000001010001100
0001000000000000001111001001011000110110000
0010000000000001111100101100100010101010101
0010000000000001111100101001100110100010110
0010000000000001111100101010001111000000100
0010000000000001111100101011000111010101110
0010000000000001111101101111000001010000011
0010000000000001111101110100000000000101001
0010000000000001111101110001001101111001010
0010000000000001111101110010011110110100101
0001000000000000010000101111010011110100110
0010000000000001111101101101001010001010000
0010000000000001111101001101000011111010011
0010000000000001111101001100011110101101000
0010000000000001111101000011001101010010001
0010000000000001111100110000010100100001101
0010000000000001111101001011010011100010101
0001000000000000001111001000010000010101001
0001000000000000001110101110011011101011100
0010000000000001111101101011100001101001111
0001000000000000001110101011100110011010000
0010000000000001111101010001010000010010010
0010000000000001111101010000010110010101111
0001000000000000000010001010100110111101111
0010000000000001111101110000001001010000000
0010000000000001111101001111000101100011111
0010000000000001111101010011001101011010101
0010000000000001111101101100011101000100010
0001000000000000010110011001000000100011100
0010000000000001111101101110000110101101001
0001000000000000001111001001010111111110101
0010000000000001111100101100011000100001100
0010000000000001111100101001011010000111101
0010000000000001111100101010001001111100111
0010000000000001111100101011100110100010011
0010000000000001111101101111000000110000011
0010000000000001111101110100001100111000010
0010000000000001111101110001100000010111001
0010000000000001111101110010010001100001100
0001000000000000010000101111001001100101100
0010000000000001111101101101011111101100011
0010000000000001111101001101000101001000011
0010000000000001111101001100010110100110101
0010000000000001111101000011010000110110011
0010000000000001111100110000000100100111101
0010000000000001111101001011000011100100000
0001000000000000001111001000000111001010001
0001000000000000001110101110010000110110010
0010000000000001111101101011100000011111110
0001000000000000001110101011001110001111000
0010000000000001111101010001000001111000010
0010000000000001111101010000001100011110100
0001000000000000000010001010011011110110011
0010000000000001111101110000010101100111110
0010000000000001111101001111000100100101000
0010000000000001111101010011000111111110111
0010000000000001111101101100011000100100101
0001000000000000010110011001011100010101000
0010000000000001111101101110011000000010000
0001000000000000001111001001010010100010011
0010000000000001111100101100001100011100011
0010000000000001111100101001010001011110100
0010000000000001111100101010001000011110000
0010000000000001111100101011100010010100101
0010000000000001111101101111011111000101011
0010000000000001111101110100000000110010011
0010000000000001111101110001011001010010110
0010000000000001111101110010100100011000100
0001000000000000010000101111100100011101000
0010000000000001111101101101010001000100101
0010000000000001111101001101000111001010000
0010000000000001111101001100011101001111111
0010000000000001111101000011011101010111101
0010000000000001111100110000011110010111000
0010000000000001111101001011000110111000110
0001000000000000001111001000011100000101111
0001000000000000001110101110001100000111100
0010000000000001111101101011100011111110111
0001000000000000001110101011010010110000101
0010000000000001111101010001000010000011001
0010000000000001111101010000000110000001110
0001000000000000000010001010000011111111100
0010000000000001111101110000001011111101001
0010000000000001111101001111000011111010000
0010000000000001111101010011011101010100001
0010000000000001111101101100001010101000111
0001000000000000010110011001100001001011000
0010000000000001111101101110011100001101010
0001000000000000001111001001001011111101110
0010000000000001111100101100100011111000100
0010000000000001111100101001001001011010110
0010000000000001111100101010010000101011010
0010000000000001111100101011000000111010111
0010000000000001111101101111100101111011100
0010000000000001111101110100100010101111111
0010000000000001111101110001011100011101010
0010000000000001111101110010000000100011000
0001000000000000010000101111001010100001110
0010000000000001111101101101011111010100011
0010000000000001111101001101011001101011100
0010000000000001111101001100001010011000000
0010000000000001111101000011011100110010100
0010000000000001111100110000010010010001101
0010000000000001111101001011001111000010010
0001000000000000001111001000000011111110100
0001000000000000001110101110000100010111010
0010000000000001111101101011001010111100001
0001000000000000001110101011000100001000010
0010000000000001111101010001100011001100101
0010000000000001111101010000001000011101111
0001000000000000000010001010100101011010001
0010000000000001111101110000000111111110100
0010000000000001111101001111011011111111001
0010000000000001111101010011011110110010100
0010000000000001111101101100100101010110111
0001000000000000010110011001100101011001110
0010000000000001111101101110001010010000011
0001000000000000001111001001010101111111010
0010000000000001111100101100010101001011010
0010000000000001111100101001011010111101100
0010000000000001111100101010000000011110110
0010000000000001111100101011001110100110011
0010000000000001111101101111000000110000101
0010000000000001111101110100000100111100000
0010000000000001111101110001011000001110100
0010000000000001111101110011010011101001100
0001000000000000010000101111100011001100011
0010000000000001111101101101011001000010111
0010000000000001111101001101000100011111110
0010000000000001111101001100100110001111000
0010000000000001111101000011000000101110011
0010000000000001111100110000010011010011001
0010000000000001111101001011100001110101011
0001000000000000001111001000000011100000011
0001000000000000001110101110100010111111010
0010000000000001111101101011100000101011011
0001000000000000001110101011000101110001000
0010000000000001111101010001010111101010001
0010000000000001111101010000001000111111110
0001000000000000000010001010100100100011000
0010000000000001111101110000011001010011010
0010000000000001111101001111000100010101111
0010000000000001111101010011100110010010000
0010000000000001111101101100010001011010110
0001000000000000010110011001001011101100000
0010000000000001111101101110100100101111000
0001000000000000001111001001000100010101000
0010000000000001111100101100001011000100100
0010000000000001111100101001010111101110000
0010000000000001111100101010100010011101101
0010000000000001111100101011000010001010100
0010000000000001111101101111000110010110101
0010000000000001111101110100100001010011101
0010000000000001111101110001100100011101111
0010000000000001111101110011001111000110111
0001000000000000010000101111001011010011110
0010000000000001111101101101100101100011110
0010000000000001111101001101001010100111000
0010000000000001111101001100000110001100001
0010000000000001111101000011010001010001011
0010000000000001111100110000010000100000111
0010000000000001111101001011011001100111110
0001000000000000001111001000001000111101101
0001000000000000001110101110001000000001000
0010000000000001111101101011001110000000000
0001000000000000001110101011011001111111100
0010000000000001111101010001000101101011111
0010000000000001111101010000001001111000101
0001000000000000000010001010001010001011111
0010000000000001111101110000000011100011111
0010000000000001111101001111000000010000100
0010000000000001111101010011010010010000110
0010000000000001111101101100001000101011110
0001000000000000010110011001001110101010001
0010000000000001111101101110001010101100111
0001000000000000001111001001000101101100011
0010000000000001111100101100001100100101010
0010000000000001111100101001000110010110100
0010000000000001111100101010010100010101001
0010000000000001111100101011001111000010000
0010000000000001111101101111001000111001011
0010000000000001111101110100001000100100000
0010000000000001111101110001000110011001010
0010000000000001111101110011010101101101001
0001000000000000010000101111000000101011111
0010000000000001111101101101011011001100100
0010000000000001111101001101010110111110000
0010000000000001111101001100010001001111001
0010000000000001111101000011100110011111101
0010000000000001111100110000001100010001010
0010000000000001111101001011011101101110011
0001000000000000001111001000000001101001100
0001000000000000001110101110000110110110001
0010000000000001111101101011100000011001101
0001000000000000001110101011000000001001111
0010000000000001111101010001000011011010110
0010000000000001111101010000001011000000010
0001000000000000000010001010000011111110010
0010000000000001111101110000011111101011101
0010000000000001111101001111001100011000001
0010000000000001111101010011000000001001100
0010000000000001111101101100100001111010110
0001000000000000010110011001100101000110001
0010000000000001111101101110010111011001001
0001000000000000001111001001100100100010000
0010000000000001111100101100100001110010100
0010000000000001111100101001000111111110100
0010000000000001111100101010000001010011111
0010000000000001111100101011000100101001111
0010000000000001111101101111010100100011101
0010000000000001111101110100100001001101011
0010000000000001111101110001001110101111010
0010000000000001111101110011100100010010101
0001000000000000010000101111011101011111000
0010000000000001111101101101010101101101111
0010000000000001111101001101011001010000111
0010000000000001111101001100010111111011110
0010000000000001111101000011011110100000110
0010000000000001111100110000000010010101111
0010000000000001111101001011000000110101011
0001000000000000001111001000100000000101010
0001000000000000001110101110010110101111101
0010000000000001111101101011001101001111101
0001000000000000001110101011001010011011100
0010000000000001111101010001011111010110010
0010000000000001111101010000000000010010100
0001000000000000000010001010010101011110010
0010000000000001111101110000011000100011111
0010000000000001111101001111001010001010011
0010000000000001111101010011000100110000111
0010000000000001111101101100010110010010101
0001000000000000010110011010100011001100101
0010000000000001111101101110011101001111110
0001000000000000001111001001001000011100110
0010000000000001111100101100011101110000111
0010000000000001111100101001011101101001110
0010000000000001111100101010000111000101110
0010000000000001111100101011000010111011101
0010000000000001111101101111010011011011111
0010000000000001111101110100000001001011110
0010000000000001111101110001000100010010001
0001000000000000010000101111001101111111110
0010000000000001111101101101001011100110110
0010000000000001111101001101001011010111111
0010000000000001111101001100000110000001110
0010000000000001111101000011011101011110010
0010000000000001111100110000000110111010010
0010000000000001111101001011100001010001111
0001000000000000001111001000100000010111110
0001000000000000001110101110001011001100010
0010000000000001111101101011001100101010110
0001000000000000001110101011100000011111000
0010000000000001111101010001100101100000011
0010000000000001111101010000000100011010100
0001000000000000000010001010011011111011101
0010000000000001111101110000100001011110001
0010000000000001111101001111100110101010111
0010000000000001111100111100010001010001101
0010000000000001111101101100000110001111111
0001000000000000000001110000001111101011101
0001000000000000000001101111000000000111001
0001000000000000000001101110010100111000010
0010000000000001111101010011001011011111111
0010000000000001111101101101001001011001111
0001000000000000010110011010010011101110011
0010000000000001111101101110000110001101000
0001000000000000001111001001000010011000000
0010000000000001111100101100000100110000110
0010000000000001111100101001100110111000000
0010000000000001111100101010010000001100010
0010000000000001111100101011011111000011011
0010000000000001111101101111000101100101000
0010000000000001111101110100000010111011001
0010000000000001111101110001010001101110001
0010000000000001111110000100011111011000100
0001000000000000010000101100010100010000000
0010000000000001111110000010100110011111011
0010000000000001111110000000000100110001110
0010000000000001111110000001100110110000101
0010000000000001111101111111001000110011100
0001000000000000010000101111010011010100001
0001000000000000010000101110001100111101000
0001000000000000010000101011010101001000011
0001000000000000010000101101000001011000011
0001000000000000001111001000001001111100110
0010000000000001111101111101100001100001111
0010000000000001111101111110011111000110110
0010000000000001111101111100011111100010111
0001000000000000001111001001010111111111010
0010000000000001111101111011000111100110100
0010000000000001111101111010000001101010000
0001000000000000001110101110011000000110111
0001000000000000010000111010001001011000011
0001000000000000001111001010000010011100000
0001000000000000001111001011100100100111101
0001000000000000001111001100011001101001000
0001000000000000001111001101010010011111111
0001000000000000001111001110000011001010110
0001000000000000001111001111100000010000000
0001000000000000001111010000001111010111100
0001000000000000001111010001000001111000001
0001000000000000001111010010000011111101011
0001000000000000001111010011100000001001011
0001000000000000001111010100010010000100001
0001000000000000001111010101001010010010100
0001000000000000001111010110100101110110010
0001000000000000001111010111010110000111100
0001000000000000001111011000000011011111001
0001000000000000001111011001000101100001100
0001000000000000001111011010001111101001110
0001000000000000001111011011001000101101110
0001000000000000001111011100011000100111100
0001000000000000001111011101011000100111010
0001000000000000001111011110000000100101000
0001000000000000001111011111001001000011001
0001000000000000001111100000011011110000110
0001000000000000001111100001100011111011100
0001000000000000001111100010000101001001000
0001000000000000001111100011001111110100001
0001000000000000001111100100000101010011100
0001000000000000001111100101000111011011100
0001000000000000001111100110100101101010011
0001000000000000001111100111010011001001011
0001000000000000001111101000100001001001110
0001000000000000001111101001000101000000101
0001000000000000001111101010000010100111110
0001000000000000001111101011010101000110101
0001000000000000001111101100001110111101111
0001000000000000001111101101001111001001101
0001000000000000001111101110100011001011111
0001000000000000001111101111001111100000011
0001000000000000001111110000000111100101111
0001000000000000001111110001011001011001100
0001000000000000001111110010001010011110101
0001000000000000001111110011011010001010101
0001000000000000001111110100001010101000010
0001000000000000001111110101100011010011000
0001000000000000001111110110000101101100100
0001000000000000001111110111001001110010111
0001000000000000001111111000001111011101111
0001000000000000001111111001000101111010111
0001000000000000001111111010010011010001111
0001000000000000001111111011000000001110100
0001000000000000001111111100001111100000100
0001000000000000001111111101010011111111001
0001000000000000001111111110010001110010011
0001000000000000001111111111100000100010011
0001000000000000010000000000000000110100010
0001000000000000010000000001011111100100000
0001000000000000010000000010010111110001000
0001000000000000010000000011010001100000100
0001000000000000010000000100100000101111001
0001000000000000010000000101010111001111011
0001000000000000010000000110011111101100101
0001000000000000010000000111011011110001010
0001000000000000010000001000001011111111110
0001000000000000010000001001001111100001110
0001000000000000010000001010100110111000101
0001000000000000010000001011010111110111110
0001000000000000010000001100001011011111000
0001000000000000010000001101000110101110111
0001000000000000010000001110000000000111000
0001000000000000010000001111010010101010000
0001000000000000010000010000010011110011111
0001000000000000010000010001000111101101001
0001000000000000010000010010000101001101001
0001000000000000010000010011011000000001111
0001000000000000010000010100001000011101011
0001000000000000010000010101100101110011001
0001000000000000010000010110100001110010000
0001000000000000010000010111001100111011011
0001000000000000010000011000010010010011100
0001000000000000010000011001000000011100111
0001000000000000010000011010011010000010010
0001000000000000010000011011011010000101010
0001000000000000010000011100100100110010111
0001000000000000010000011101100010011110100
0001000000000000010000011110011101010111000
0001000000000000010000011111100001110110001
0001000000000000010000100000011101111111110
0001000000000000010000100001000101001111000
0001000000000000010000100010010111100001010
0001000000000000010000100011010010011100000
0001000000000000010000100100100100010110111
0001000000000000010000100101011110110111011
0001000000000000010000100110011011110100111
0001000000000000010000100111001010101101100
0001000000000000010000101000100000111001011
0001000000000000010000101001010010110001100
0001000000000000010000101010100100011001100
0001000000000000010000101011000111011100001
0001000000000000010000101110001101100101110
0010000000000001111110000001000100011011100
0010000000000001111101111111010000000100001
0010000000000001111110000000001111111101000
0010000000000001111110000010001000111100011
0010000000000001111110000100100111000010100
